inherits = "../yield_params.toml"
alpha_c_agb = 5.796623157894737
y0_c_cc = 0.0005506791999999998
