inherits = "../yield_params.toml"
alpha_c_agb = 0.0
y0_c_cc = 0.002753396
zeta_c_cc = 0.0014555574
