inherits = "../yield_params.toml"
y0_c_cc = 0.00209153
y_c_ia = 0.0001117
