inherits = "../yield_params.toml"

alpha_c_agb = 3.6228894736842103
y0_c_cc = 0.001376698
zeta_c_cc = 0.0027235687157894737

[kwargs_c_agb]
y0 = 0.00055067
zeta = -0.00035
tau_agb = 0.3
t_D = 0.15
