y0_c_cc = 0.0019273772000000002
y_c_cc = "Quadratic"
zeta_c_cc = 0.0022163641894736843

alpha_c_agb = 2.173733684210526

y_fe_ia = 0.0009239999999999999
y_fe_cc = 0.00031900000000000006

[kwargs_c_cc]
A = 0.0036930257999999994
