inherits = "../fiducial/yield_params.toml"
alpha_c_agb = 3.6228894736842103
y0_c_cc = 0.001376698
