yield_scale = 1
y0_c_cc = 0.0020127240000000005
y_c_cc = "BiLogLin"
zeta_c_cc = 0.0035873040000000004
Y_c_agb = "karakas16"
alpha_c_agb = 2.46456
Y_n_agb = "A"
eta_n_agb = 0.000502
y0_n_agb = 0
y0_n_cc = 0.0005
zeta_n_cc = 0
y_fe_ia = 0.00077
y_fe_cc = 0.000473

[kwargs_c_cc]
y1 = 0.000867

[kwargs_c_agb]
mass_factor = 1
no_negative = false
interp_kind = "log"
low_z_flat = true
