inherits = "../yield_params.toml"


alpha_agb =  7.245778947368421
y0_c_cc =  0.0


[kwargs_c_agb]
y0 = 0.00038
zeta = -0.00035
tau_agb = 0.3
t_D = 0.15
