inherits = "../yield_params.toml"


alpha_c_agb = 2.173733684210526
y0_c_cc = 0.0019273772
zeta_c_cc = 0.0022163641894736843
