inherits = "../fiducial/yield_params.toml"
alpha_c_agb = 2.8983115789473683
y0_c_cc = 0.0016520375999999999
