inherits = "../yield_params.toml"

alpha_c_agb = 0.9833557142857144
y0_c_cc = 0.0024780564
zeta_c_cc = 0.0024487466714285715
