inherits = "../yield_params.toml"
alpha_c_agb = 0.7245778947368421
y0_c_cc = 0.0024780564
zeta_c_cc = 0.0017091596631578947
