inherits = "../yield_params.toml"
alpha_c_agb = 7.245778947368421
y0_c_cc = 0.0
zeta_c_cc = 0.003991580031578948

